# Типы предметов.
# Название; мин. базовая цена; макс. базовая цена; вероятности создания для каждого из материалов; род и число[; вероятности инкрустирования созданного изделия каждым из видов камней]

браслет;    10; 15;     1; 0;                       100, 100, 100, 100, 100, 100, 100, 100, 100; 2
браслет;    10; 15;     0, 4, 10, 1, 0, 0, 1; 0;    75, 75, 75, 75, 75, 75, 75, 75, 75; 2
монеты;     1000; 5000; 0; 3
корона;     50; 100;    1; 1;                       100, 100, 100, 100, 100, 100, 100, 100, 100; 2
корона;     50; 100;    0, 4, 10, 1; 1;             75, 75, 75, 75, 75, 75, 75, 75, 75; 2
кубок;      30; 50;     1; 0;                       100, 100, 100, 100, 100, 100, 100, 100, 100; 2
кубок;      30; 50;     0, 4, 10, 1; 0;             50, 50, 50, 50, 50, 50, 50, 50, 50; 2
диадема;    10; 15;     1; 1;                       100, 100, 100, 100, 100, 100, 100, 100, 100; 2
диадема;    10; 15;     0, 4, 10, 1; 1;             75, 75, 75, 75, 75, 75, 75, 75, 75; 2
колье;      10; 15;     1; 2;                       100, 100, 100, 100, 100, 100, 100, 100, 100; 2
колье;      10; 15;     0, 2, 5, 1; 2;              75, 75, 75, 75, 75, 75, 75, 75, 75; 2
подвески;   10; 15;     1; 3;                       100, 100, 100, 100, 100, 100, 100, 100, 100; 2
подвески;   15; 20;     0, 0, 0, 0, 1; 3;           0, 50, 50, 50, 50, 50, 50, 50, 50; 2
подвески;   10; 15;     0, 4, 10, 1; 3;             75, 75, 75, 75, 75, 75, 75, 75, 75; 2
ожерелье;   20; 30;     1; 2;                       100, 100, 100, 100, 100, 100, 100, 100, 100; 2
ожерелье;   20; 30;     0, 4, 10, 1; 2;             50, 50, 50, 50, 50, 50, 50, 50, 50; 2
бусы;       2; 10;      0, 0, 0, 0, 3, 2, 4, 3, 1; 3
слиток;     1; 1;       0, 1, 1, 1; 0
слиток;     10; 10;     0, 1, 1, 1; 0
слиток;     50; 50;     0, 1, 1, 1; 0
кольцо;     1; 10;      1; 2;                       100, 100, 100, 100, 100, 100, 100, 100, 100; 1
кольцо;     1; 10;      0, 4, 10, 1; 2;             50, 50, 50, 50, 50, 50, 50, 50, 50; 1
ложка;      2; 3;       0, 4, 5; 1
амулет;     1; 10;      1; 0;                       100, 100, 100, 100, 100, 100, 100, 100, 100; 1
амулет;     1; 10;      0, 4, 10, 1; 0;             75, 75, 75, 75, 75, 75, 75, 75, 75; 1
кольчуга;   50; 70;     0, 0, 0, 1; 1
шлем;       30; 50;     0, 0, 0, 1; 0
брошь;      5; 7;       0, 4, 10; 1;                75, 75, 75, 75, 75, 75, 75, 75, 75; 1