1;Чытанка-маляванка;1;1;1971;95;115;1
2;Казкі;1;2;1972;125;101;1
3;Стихи;2;3;2018;29;650;1
4;Могильник;3;4;2015;317;0;2
5;Конкуренты;4;5;2009;349;0;1
6;Непоседа;4;5;2011;477;290;1
7;Всадник без головы;5;6;1982;528;260;1
8;Белый вождь;5;7;1984;576;280;1
9;Майстар і Маргарыта;6;2;1994;363;3060;1
10;Затемнение в Грэтли;7;6;1988;576;280;1
11;Человек, который смеётся;8;6;1985;480;300;2
12;Как учиться с интересом;9;5;2016;121;443;2
13;Поведение ребёнка в руках родителей;9;5;2014;127;443;2
14;Что делать, если дети... Вопросы и ответы;9;5;2015;192;443;2
15;Практическая стилистика русского языка;10;8;1977;316;260;1
16;Словарь-справочник лингвистических терминов;10,11;9;1976;544;310;1
17;Язык рекламных текстов;10,12;8;1981;128;275;1
18;Самая лучшая книга